108 108 108 108 114 117 119
109 109 109 109 114 117 119
110 110 110 110 114 117 119
111 111 111 111 114 117 119
112 112 112 112 114 117 119
113 113 113 113 114 117 119
113 113 113 114 117 119 121
113 113 113 115 117 119 121
113 113 113 116 118 120 122
113 113 115 117 119 121 123
113 113 116 118 120 122 124
113 115 117 119 121 123 125
113 116 118 120 122 124 126
115 117 119 121 123 125 127
116 118 120 122 124 126 128
117 119 121 123 125 127 129
118 120 122 124 126 128 130
119 121 123 125 127 129 136
120 122 124 126 128 130 136
121 123 125 127 129 136 136
122 124 126 128 130 136 136
123 125 127 129 136 136 136
124 126 128 130 136 136 136
124 126 128 131 136 136 136
124 126 128 132 136 136 136
124 126 128 133 136 136 136
124 126 128 134 136 136 136
124 126 128 135 136 136 136
126 128 135 136 136 136 136
