54 54 54 54 59 62 64
55 55 55 55 59 62 64
56 56 56 56 59 62 64
57 57 57 57 59 62 64
58 58 58 58 59 62 64
58 58 58 59 62 64 66
58 58 58 60 62 64 66
58 58 58 61 63 65 67
58 58 60 62 64 66 68
58 58 61 63 65 67 69
58 60 62 64 66 68 70
58 61 63 65 67 69 71
60 62 64 66 68 70 72
61 63 65 67 69 71 77
62 64 66 68 70 72 79
63 65 67 69 71 77 79
64 66 68 70 72 79 79
65 67 69 71 77 79 79
66 68 70 72 79 79 79
66 68 70 73 79 79 79
66 68 70 74 79 79 79
66 68 70 75 79 79 79
66 68 70 76 79 79 79
67 69 71 77 79 79 79
66 68 70 78 79 79 79
68 70 78 79 79 79 79
