27 27 27 27 33 36 38
28 28 28 28 33 36 38
29 29 29 29 33 36 38
30 30 30 30 33 36 38
31 31 31 31 33 36 38
32 32 32 32 33 36 38
32 32 32 33 36 38 40
32 32 32 34 36 38 40
32 32 32 35 37 39 41
32 32 34 36 38 40 42
32 32 35 37 39 41 43
32 34 36 38 40 42 44
32 35 37 39 41 43 45
34 36 38 40 42 44 46
35 37 39 41 43 45 47
36 38 40 42 44 46 53
37 39 41 43 45 47 53
38 40 42 44 46 53 53
39 41 43 45 47 53 53
40 42 44 46 53 53 53
41 43 45 47 53 53 53
41 43 45 48 53 53 53
41 43 45 49 53 53 53
41 43 45 50 53 53 53
41 43 45 51 53 53 53
41 43 45 52 53 53 53
43 45 52 53 53 53 53
