81 81 81 81 87 90 92
82 82 82 82 87 90 92
83 83 83 83 87 90 92
84 84 84 84 87 90 92
85 85 85 85 87 90 92
86 86 86 86 87 90 92
86 86 86 87 90 92 94
86 86 86 88 90 92 94
86 86 86 89 91 93 95
86 86 88 90 92 94 96
86 86 89 91 93 95 97
86 88 90 92 94 96 98
86 89 91 93 95 97 99
88 90 92 94 96 98 100
89 91 93 95 97 99 101
90 92 94 96 98 100 107
91 93 95 97 99 101 107
92 94 96 98 100 107 107
93 95 97 99 101 107 107
94 96 98 100 107 107 107
95 97 99 101 107 107 107
95 97 99 102 107 107 107
95 97 99 103 107 107 107
95 97 99 104 107 107 107
95 97 99 105 107 107 107
95 97 99 106 107 107 107
97 99 106 107 107 107 107
