26 26 26 26 32 35 37
27 27 27 27 32 35 37
28 28 28 28 32 35 37
29 29 29 29 32 35 37
30 30 30 30 32 35 37
31 31 31 31 32 35 37
31 31 31 32 35 37 39
31 31 31 33 35 37 39
31 31 31 34 36 38 40
31 31 33 35 37 39 41
31 31 34 36 38 40 42
31 33 35 37 39 41 43
31 34 36 38 40 42 44
33 35 37 39 41 43 45
34 36 38 40 42 44 46
35 37 39 41 43 45 47
36 38 40 42 44 46 48
37 39 41 43 45 47 54
38 40 42 44 46 48 54
39 41 43 45 47 54 54
40 42 44 46 48 54 54
41 43 45 47 54 54 54
42 44 46 48 54 54 54
42 44 46 49 54 54 54
42 44 46 50 54 54 54
42 44 46 51 54 54 54
42 44 46 52 54 54 54
42 44 46 53 54 54 54
44 46 53 54 54 54 54
