55 55 55 55 61 64 66
56 56 56 56 61 64 66
57 57 57 57 61 64 66
58 58 58 58 61 64 66
59 59 59 59 61 64 66
60 60 60 60 61 64 66
60 60 60 61 64 66 68
60 60 60 62 64 66 68
60 60 60 63 65 67 69
60 60 62 64 66 68 70
60 60 63 65 67 69 71
60 62 64 66 68 70 72
60 63 65 67 69 71 73
62 64 66 68 70 72 74
63 65 67 69 71 73 80
64 66 68 70 72 74 80
65 67 69 71 73 80 80
66 68 70 72 74 80 80
67 69 71 73 80 80 80
68 70 72 74 80 80 80
68 70 72 75 80 80 80
68 70 72 76 80 80 80
68 70 72 77 80 80 80
68 70 72 78 80 80 80
68 70 72 79 80 80 80
70 72 79 80 80 80 80
