28 28 28 28 34 37 39
29 29 29 29 34 37 39
30 30 30 30 34 37 39
31 31 31 31 34 37 39
32 32 32 32 34 37 39
33 33 33 33 34 37 39
33 33 33 34 37 39 41
33 33 33 35 37 39 41
33 33 33 36 38 40 42
33 33 35 37 39 41 43
33 33 36 38 40 42 44
33 35 37 39 41 43 45
33 36 38 40 42 44 46
35 37 39 41 43 45 47
36 38 40 42 44 46 48
37 39 41 43 45 47 49
38 40 42 44 46 48 55
39 41 43 45 47 49 55
40 42 44 46 48 55 55
41 43 45 47 49 55 55
42 44 46 48 55 55 55
43 45 47 49 55 55 55
43 45 47 50 55 55 55
43 45 47 51 55 55 55
43 45 47 52 55 55 55
43 45 47 53 55 55 55
43 45 47 54 55 55 55
45 47 54 55 55 55 55
