0 0 0 0 6 9 11
1 1 1 1 6 9 11
2 2 2 2 6 9 11
3 3 3 3 6 9 11
4 4 4 4 6 9 11
5 5 5 5 6 9 11
5 5 5 6 9 11 13
5 5 5 7 9 11 13
5 5 5 8 10 12 14
5 5 7 9 11 13 15
5 5 8 10 12 14 16
5 7 9 11 13 15 17
5 8 10 12 14 16 18
7 9 11 13 15 17 19
8 10 12 14 16 18 20
9 11 13 15 17 19 21
10 12 14 16 18 20 27
11 13 15 17 19 21 27
12 14 16 18 20 27 27
13 15 17 19 21 27 27
14 16 18 20 27 27 27
15 17 19 21 27 27 27
15 17 19 22 27 27 27
15 17 19 23 27 27 27
15 17 19 24 27 27 27
15 17 19 25 27 27 27
15 17 19 26 27 27 27
17 19 26 27 27 27 27
