110 110 110 110 116 119 121
111 111 111 111 116 119 121
112 112 112 112 116 119 121
113 113 113 113 116 119 121
114 114 114 114 116 119 121
115 115 115 115 116 119 121
115 115 115 116 119 121 123
115 115 115 117 119 121 123
115 115 115 118 120 122 124
115 115 117 119 121 123 125
115 115 118 120 122 124 126
115 117 119 121 123 125 127
115 118 120 122 124 126 128
117 119 121 123 125 127 129
118 120 122 124 126 128 135
119 121 123 125 127 129 135
120 122 124 126 128 135 135
121 123 125 127 129 135 135
122 124 126 128 135 135 135
123 125 127 129 135 135 135
123 125 127 130 135 135 135
123 125 127 131 135 135 135
123 125 127 132 135 135 135
123 125 127 133 135 135 135
123 125 127 134 135 135 135
125 127 134 135 135 135 135
