113 113 113 113 119 122 124
114 114 114 114 119 122 124
115 115 115 115 119 122 124
116 116 116 116 119 122 124
117 117 117 117 119 122 124
118 118 118 118 119 122 124
118 118 118 119 122 124 126
118 118 118 120 122 124 126
118 118 118 121 123 125 127
118 118 120 122 124 126 128
118 118 121 123 125 127 129
118 120 122 124 126 128 130
118 121 123 125 127 129 131
120 122 124 126 128 130 132
121 123 125 127 129 131 133
122 124 126 128 130 132 139
123 125 127 129 131 133 139
124 126 128 130 132 139 139
125 127 129 131 133 139 139
126 128 130 132 139 139 139
127 129 131 133 139 139 139
127 129 131 134 139 139 139
127 129 131 135 139 139 139
127 129 131 136 139 139 139
127 129 131 137 139 139 139
127 129 131 138 139 139 139
129 131 138 139 139 139 139
