51 51 51 51 57 60 62
52 52 52 52 57 60 62
53 53 53 53 57 60 62
54 54 54 54 57 60 62
55 55 55 55 57 60 62
56 56 56 56 57 60 62
56 56 56 57 60 62 64
56 56 56 58 60 62 64
56 56 56 59 61 63 65
56 56 58 60 62 64 66
56 56 59 61 63 65 67
56 58 60 62 64 66 68
56 59 61 63 65 67 69
58 60 62 64 66 68 70
59 61 63 65 67 69 71
60 62 64 66 68 70 72
61 63 65 67 69 71 78
62 64 66 68 70 72 78
63 65 67 69 71 78 78
64 66 68 70 72 78 78
65 67 69 71 78 78 78
66 68 70 72 78 78 78
66 68 70 73 78 78 78
66 68 70 74 78 78 78
66 68 70 75 78 78 78
66 68 70 76 78 78 78
66 68 70 77 78 78 78
68 70 77 78 78 78 78
