80 80 80 80 84 87 89
81 81 81 81 84 87 89
82 82 82 82 84 87 89
83 83 83 83 84 87 89
83 83 83 84 87 89 91
83 83 83 85 87 89 91
83 83 83 86 88 90 92
83 83 85 87 89 91 93
83 83 86 88 90 92 94
83 85 87 89 91 93 95
83 86 88 90 92 94 96
85 87 89 91 93 95 97
86 88 90 92 94 96 98
87 89 91 93 95 97 99
88 90 92 94 96 98 105
89 91 93 95 97 99 105
90 92 94 96 98 105 105
91 93 95 97 99 105 105
92 94 96 98 105 105 105
93 95 97 99 105 105 105
93 95 97 100 105 105 105
93 95 97 101 105 105 105
93 95 97 102 105 105 105
93 95 97 103 105 105 105
93 95 97 104 105 105 105
95 97 104 105 105 105 105
