79 79 79 79 82 85 87
80 80 80 80 82 85 87
81 81 81 81 82 85 87
81 81 81 82 85 87 89
81 81 81 83 85 87 89
81 81 81 84 86 88 90
81 81 83 85 87 89 91
81 81 84 86 88 90 92
81 83 85 87 89 91 93
81 84 86 88 90 92 94
83 85 87 89 91 93 95
84 86 88 90 92 94 96
85 87 89 91 93 95 97
86 88 90 92 94 96 98
87 89 91 93 95 97 104
88 90 92 94 96 98 104
89 91 93 95 97 104 104
90 92 94 96 98 104 104
91 93 95 97 104 104 104
92 94 96 98 104 104 104
92 94 96 99 104 104 104
92 94 96 100 104 104 104
92 94 96 101 104 104 104
92 94 96 102 104 104 104
92 94 96 103 104 104 104
94 96 103 104 104 104 104
