56 56 56 56 62 65 67
57 57 57 57 62 65 67
58 58 58 58 62 65 67
59 59 59 59 62 65 67
60 60 60 60 62 65 67
61 61 61 61 62 65 67
61 61 61 62 65 67 69
61 61 61 63 65 67 69
61 61 61 64 66 68 70
61 61 63 65 67 69 71
61 61 64 66 68 70 72
61 63 65 67 69 71 73
61 64 66 68 70 72 74
63 65 67 69 71 73 75
64 66 68 70 72 74 76
65 67 69 71 73 75 77
66 68 70 72 74 76 83
67 69 71 73 75 77 83
68 70 72 74 76 83 83
69 71 73 75 77 83 83
70 72 74 76 83 83 83
71 73 75 77 83 83 83
71 73 75 78 83 83 83
71 73 75 79 83 83 83
71 73 75 80 83 83 83
71 73 75 81 83 83 83
71 73 75 82 83 83 83
73 75 82 83 83 83 83
