25 25 25 25 31 34 36
26 26 26 26 31 34 36
27 27 27 27 31 34 36
28 28 28 28 31 34 36
29 29 29 29 31 34 36
30 30 30 30 31 34 36
30 30 30 31 34 36 38
30 30 30 32 34 36 38
30 30 30 33 35 37 39
30 30 32 34 36 38 40
30 30 33 35 37 39 41
30 32 34 36 38 40 42
30 33 35 37 39 41 43
32 34 36 38 40 42 44
33 35 37 39 41 43 50
34 36 38 40 42 44 50
35 37 39 41 43 50 50
36 38 40 42 44 50 50
37 39 41 43 50 50 50
38 40 42 44 50 50 50
38 40 42 45 50 50 50
38 40 42 46 50 50 50
38 40 42 47 50 50 50
38 40 42 48 50 50 50
38 40 42 49 50 50 50
40 42 49 50 50 50 50
