105 105 105 105 109 112 114
106 106 106 106 109 112 114
107 107 107 107 109 112 114
108 108 108 108 109 112 114
108 108 108 109 112 114 116
108 108 108 110 112 114 116
108 108 108 111 113 115 117
108 108 110 112 114 116 118
108 108 111 113 115 117 119
108 110 112 114 116 118 120
108 111 113 115 117 119 121
110 112 114 116 118 120 122
111 113 115 117 119 121 123
112 114 116 118 120 122 124
113 115 117 119 121 123 130
114 116 118 120 122 124 130
115 117 119 121 123 130 130
116 118 120 122 124 130 130
117 119 121 123 130 130 130
118 120 122 124 130 130 130
118 120 122 125 130 130 130
118 120 122 126 130 130 130
118 120 122 127 130 130 130
118 120 122 128 130 130 130
118 120 122 129 130 130 130
120 122 129 130 130 130 130
