84 84 84 84 90 93 95
85 85 85 85 90 93 95
86 86 86 86 90 93 95
87 87 87 87 90 93 95
88 88 88 88 90 93 95
89 89 89 89 90 93 95
89 89 89 90 93 95 97
89 89 89 91 93 95 97
89 89 89 92 94 96 98
89 89 91 93 95 97 99
89 89 92 94 96 98 100
89 91 93 95 97 99 101
89 92 94 96 98 100 102
91 93 95 97 99 101 103
92 94 96 98 100 102 104
93 95 97 99 101 103 105
94 96 98 100 102 104 106
95 97 99 101 103 105 112
96 98 100 102 104 106 112
97 99 101 103 105 112 112
98 100 102 104 106 112 112
99 101 103 105 112 112 112
100 102 104 106 112 112 112
100 102 104 107 112 112 112
100 102 104 108 112 112 112
100 102 104 109 112 112 112
100 102 104 110 112 112 112
100 102 104 111 112 112 112
102 104 111 112 112 112 112
