106 106 106 106 109 112 114
107 107 107 107 109 112 114
108 108 108 108 109 112 114
108 108 108 109 112 114 116
108 108 108 110 112 114 116
108 108 108 111 113 115 117
108 108 110 112 114 116 118
108 108 111 113 115 117 119
108 110 112 114 116 118 120
108 111 113 115 117 119 121
110 112 114 116 118 120 122
111 113 115 117 119 121 123
112 114 116 118 120 122 124
113 115 117 119 121 123 125
114 116 118 120 122 124 126
115 117 119 121 123 125 132
116 118 120 122 124 126 132
117 119 121 123 125 132 132
118 120 122 124 126 132 132
119 121 123 125 132 132 132
120 122 124 126 132 132 132
120 122 124 127 132 132 132
120 122 124 128 132 132 132
120 122 124 129 132 132 132
120 122 124 130 132 132 132
120 122 124 131 132 132 132
122 124 131 132 132 132 132
