0 0 0 0 6 9 11
1 1 1 1 6 9 11
2 2 2 2 6 9 11
3 3 3 3 6 9 11
4 4 4 4 6 9 11
5 5 5 5 6 9 11
5 5 5 6 9 11 13
5 5 5 7 9 11 13
5 5 5 8 10 12 14
5 5 7 9 11 13 15
5 5 8 10 12 14 16
5 7 9 11 13 15 17
5 8 10 12 14 16 18
7 9 11 13 15 17 19
8 10 12 14 16 18 20
9 11 13 15 17 19 26
10 12 14 16 18 20 26
11 13 15 17 19 26 26
12 14 16 18 20 26 26
13 15 17 19 26 26 26
14 16 18 20 26 26 26
14 16 18 21 26 26 26
14 16 18 22 26 26 26
14 16 18 23 26 26 26
14 16 18 24 26 26 26
14 16 18 25 26 26 26
16 18 25 26 26 26 26
