83 83 83 83 89 92 94
84 84 84 84 89 92 94
85 85 85 85 89 92 94
86 86 86 86 89 92 94
87 87 87 87 89 92 94
88 88 88 88 89 92 94
88 88 88 89 92 94 96
88 88 88 90 92 94 96
88 88 88 91 93 95 97
88 88 90 92 94 96 98
88 88 91 93 95 97 99
88 90 92 94 96 98 100
88 91 93 95 97 99 101
90 92 94 96 98 100 102
91 93 95 97 99 101 103
92 94 96 98 100 102 109
93 95 97 99 101 103 109
94 96 98 100 102 109 109
95 97 99 101 103 109 109
96 98 100 102 109 109 109
97 99 101 103 109 109 109
97 99 101 104 109 109 109
97 99 101 105 109 109 109
97 99 101 106 109 109 109
97 99 101 107 109 109 109
97 99 101 108 109 109 109
99 101 108 109 109 109 109
