54 54 54 54 60 63 65
55 55 55 55 60 63 65
56 56 56 56 60 63 65
57 57 57 57 60 63 65
58 58 58 58 60 63 65
59 59 59 59 60 63 65
59 59 59 60 63 65 67
59 59 59 61 63 65 67
59 59 59 62 64 66 68
59 59 61 63 65 67 69
59 59 62 64 66 68 70
59 61 63 65 67 69 71
59 62 64 66 68 70 72
61 63 65 67 69 71 73
62 64 66 68 70 72 74
63 65 67 69 71 73 75
64 66 68 70 72 74 76
65 67 69 71 73 75 82
66 68 70 72 74 76 82
67 69 71 73 75 82 82
68 70 72 74 76 82 82
69 71 73 75 82 82 82
70 72 74 76 82 82 82
70 72 74 77 82 82 82
70 72 74 78 82 82 82
70 72 74 79 82 82 82
70 72 74 80 82 82 82
70 72 74 81 82 82 82
72 74 81 82 82 82 82
